BGC	num_genomes	BGC_alignment_length	R-theta	delta	nu	rmratio	deltanu
lom	      42	84964	0.0158553	6696	0.0260984	2.77079	174.755
lym	     109	32597	0.0193245	4101.17	0.0205686	1.63012	84.3553
rif	      59	91550	0.655074	6368.33	0.0033309	13.8956	21.2123
sal	      30	15911	0.0242513	3453.85	0.032245	2.70085	111.369
slc	      25	31937	0.0204104	1316.7	0.0584337	1.57037	76.9397
slm	      25	28111	0.1891	427.989	0.0405307	3.28026	17.3467
spo	      13	167237	0.0178545	1032.55	0.0926094	1.70732	95.6238
spt	     112	13368	0.903814	1115.52	0.0100748	10.1576	11.2386
sta	      77	19319	0.0687066	1352.36	0.0318355	2.95803	43.0531
