Parameter	Posterior Mean	Posterior Variance	a_post	b_post
R/theta	0.903814	0.00247568	329.961	365.077
1/delta	0.000896446	2.62969e-09	305.593	340894
nu	0.0100748	2.96377e-08	3424.76	339933
SaCNQ884_GU	0.000122913	5.26834e-09	2.86761	23330.4
StCNY012_BA	6.39999e-05	2.76634e-09	1.48065	23135.2
SaCNX814_PM	0.00018089	8.6333e-09	3.7901	20952.5
StCNY678_YU	0.000206223	9.06032e-09	4.69384	22761.1
SpCNT133_FJ	0.000133813	5.78666e-09	3.09433	23124.4
SpCNS237_PL	5.77493e-05	3.30548e-09	1.00892	17470.7
SaCNY256_FJ	0.000293466	1.30179e-08	6.61566	22543.2
SpCNS103_PL	0.000234883	1.06734e-08	5.16894	22006.4
SaCNY679_YU	0.000123473	6.20455e-09	2.45715	19900.4
StCNT261_BA	0.000122557	5.25386e-09	2.85887	23327
SaCNS673_FJ	8.96347e-05	4.2444e-09	1.89294	21118.3
SaCNR425_GU	0.000195792	8.56791e-09	4.47417	22851.7
SaCNT005_FJ	0.000223889	1.01038e-08	4.96114	22158.9
SaCNS243_PL	0.000227924	9.82413e-09	5.28795	23200.5
SpCNT609_FJ	0.00021533	9.60069e-09	4.82954	22428.6
SpCNT001_FJ	9.10503e-05	3.96005e-09	2.09345	22992.2
SaCNY011_BA	6.97958e-05	2.99382e-09	1.62717	23313.3
SaDSM45545_FJ	0.000198878	9.18813e-09	4.30474	21645.1
SaCNS051_PL	0.00019059	8.57251e-09	4.23734	22232.7
StCNY681_YU	0.000160324	6.88382e-09	3.73396	23290
SpCNY646_RS	5.89401e-05	3.47156e-09	1.00069	16978
SpCNT403_FJ	6.176e-05	3.55163e-09	1.07396	17389.2
SpDSM45547_FJ	6.67377e-05	3.7731e-09	1.18044	17687.7
SaCNY260_FJ	0.000153769	6.78569e-09	3.48454	22660.8
SaCNX482_PM	0.000251699	1.17672e-08	5.38382	21389.9
SaCNH646_BA	0.000186548	9.23855e-09	3.76684	20192.4
SaCNY486_PV	8.28064e-05	3.54678e-09	1.93328	23346.9
SaCNT859_HI	0.000189493	9.08436e-09	3.95267	20859.2
SpCNY498_PV	0.000343821	1.51276e-08	7.81439	22728.1
SaCNT857_HI	4.48054e-05	1.94859e-09	1.03025	22993.8
SpDSM45543_FJ	0.00029524	1.37731e-08	6.32874	21435.9
SaCNX481_PM	0.000142499	6.94722e-09	2.92287	20511.6
SpCNY331_SC	0.00014684	6.32128e-09	3.41099	23229.4
SpCNQ768_GU	0.000303514	1.37494e-08	6.7	22074.8
SpCNR894_PL	0.000216284	9.68793e-09	4.82855	22325.1
SaCNY237_FJ	0.000167307	7.34215e-09	3.81248	22787.3
SpCNT855_HI	0.000161451	8.1185e-09	3.21076	19886.9
SpCNT851_HI	8.28791e-05	3.54989e-09	1.93497	23346.9
SaCNH905_BA	8.02369e-05	3.79342e-09	1.69714	21151.6
SpCNR510_GU	0.000162193	6.9591e-09	3.78016	23306.6
StCNB476_BA	0.000217542	9.6631e-09	4.89743	22512.6
SaCNS820_FJ	8.28565e-05	3.54889e-09	1.93446	23347.2
SaCNR921_PL	0.000137885	5.95082e-09	3.19489	23170.7
SaCNR107_GU	0.00024206	1.12151e-08	5.22446	21583.3
SpCNS860_FJ	0.000309994	1.38999e-08	6.91344	22301.9
SaCNY230_FJ	5.35309e-05	2.52198e-09	1.13623	21225.7
SaCNY685_YU	0.000164096	8.33026e-09	3.23248	19698.7
SpCNT584_FJ	0.000286706	1.26502e-08	6.49792	22664.1
SpCNT603_FJ	0.000159271	6.83875e-09	3.70935	23289.5
SpCNT084_FJ	0.00011961	5.34962e-09	2.6743	22358.5
SaCNS342_FJ	0.000285175	1.26912e-08	6.40797	22470.3
SaCNY690_YU	0.000255705	1.12813e-08	5.79589	22666.3
SaCNH718_RS	0.000121416	5.74386e-09	2.56655	21138.5
StCNH898_BA	0.000126121	5.50476e-09	2.88959	22911.3
SaCNX891_PM	0.00034473	1.61438e-08	7.36128	21353.7
SaCNY234_FJ	0.000162867	6.98623e-09	3.79687	23312.6
StCNB440_BA	0.000317436	1.38919e-08	7.25354	22850.4
SpCNY330_SC	0.000110692	4.82746e-09	2.53812	22929.6
SpCNT796_HI	8.28889e-05	3.5503e-09	1.93521	23347
SpCNY703_MD	4.94167e-05	2.28968e-09	1.06653	21582.4
SpDSM45544_FJ	0.000174156	8.0127e-09	3.78529	21735
SpCNY239_FJ	0.000179973	8.05954e-09	4.01885	22330.4
SpCNY673_MD	4.908e-05	2.30448e-09	1.04529	21297.6
SaCNY280_FJ	0.000101163	4.78071e-09	2.14067	21160.6
SaCNS299_PL	0.000126639	5.50042e-09	2.91568	23023.5
SaCNX508_PM	0.000307547	1.39962e-08	6.75792	21973.6
SaCNB527_BA	0.000274164	1.18981e-08	6.31746	23042.7
SpCNS055_PL	9.31231e-05	8.52899e-09	1.01676	10918.4
SpCNT131_FJ	8.61211e-05	3.75529e-09	1.97504	22933.3
SpCNY202_SC	6.76713e-05	3.83274e-09	1.19481	17656.1
SaCNQ748_GU	0.000116605	5.00717e-09	2.71544	23287.6
SpCNH732_RS	0.000290642	1.31026e-08	6.44704	22182
SpCNT124_FJ	8.86058e-05	4.3328e-09	1.81199	20450
SpCNT029_FJ	0.000109438	5.90705e-09	2.02753	18526.7
SpCNT045_FJ	9.58103e-05	4.58972e-09	2.00004	20875
SpDSM45549_FJ	9.7821e-05	9.50266e-09	1.00698	10294.1
StCNB536_BA	0.000183078	9.026e-09	3.71345	20283.4
SpCNY363_SC	9.80595e-05	4.29203e-09	2.24035	22846.9
SpCNT854_HI	0.0002195	1.04868e-08	4.59433	20930.9
SaCNY694_YU	0.000177666	8.08449e-09	3.9044	21976.1
StCNT250_BA	0.00020833	9.28977e-09	4.67196	22425.8
SaCNH713_RS	0.000186238	9.51778e-09	3.64418	19567.3
SaCNB458_BA	0.000241235	1.03704e-08	5.6116	23261.9
SaCNY282_FJ	0.000209898	9.59747e-09	4.5905	21870.2
SpCNR114_GU	0.000142672	6.16151e-09	3.30361	23155.3
SpCNS996_FJ	0.000160546	7.7411e-09	3.32964	20739.5
SaCNS848_FJ	0.000104381	5.09519e-09	2.13838	20486.2
SpCNT003_FJ	0.000176442	7.82951e-09	3.9762	22535.5
SaCNY231_FJ	0.000205544	9.01066e-09	4.68869	22811.2
SaCNY244_FJ	5.50945e-05	2.47341e-09	1.22721	22274.7
SpCNR909_PL	0.000367055	1.61272e-08	8.35413	22759.9
StCNS416_BA	0.000122996	5.27178e-09	2.8696	23330.9
NODE_113	4.91663e-05	2.12046e-09	1.14	23186.6
NODE_114	0.000150146	6.48662e-09	3.47543	23147
NODE_115	0.000139679	6.21624e-09	3.13858	22470
NODE_116	0.000130508	6.94823e-09	2.45131	18782.9
NODE_117	0.000151837	6.80094e-09	3.38989	22325.9
NODE_118	0.000113246	6.48205e-09	1.97847	17470.6
NODE_119	0.000220999	9.9174e-09	4.92474	22284
NODE_120	0.000313657	1.38091e-08	7.12435	22713.8
NODE_121	6.03759e-05	3.61453e-09	1.0085	16703.7
NODE_122	0.000186134	8.26084e-09	4.19397	22532
NODE_123	0.000161271	6.96466e-09	3.73435	23155.7
NODE_124	0.000122707	5.25975e-09	2.86267	23329.4
NODE_125	0.000162857	6.98582e-09	3.79662	23312.6
NODE_126	8.27742e-05	3.54543e-09	1.93251	23346.7
NODE_127	6.11532e-05	2.64301e-09	1.41495	23137.7
NODE_128	9.99923e-05	4.34893e-09	2.29906	22992.4
NODE_129	7.84944e-05	3.36577e-09	1.83059	23321.3
NODE_130	0.000151387	7.1128e-09	3.2221	21283.8
NODE_131	8.37371e-05	3.62385e-09	1.93493	23107.2
NODE_133	0.000173383	8.16526e-09	3.68165	21234.2
NODE_134	0.00017763	7.93841e-09	3.97464	22376
NODE_135	0.000199216	9.02804e-09	4.39596	22066.3
NODE_136	0.000162762	6.98205e-09	3.79421	23311.4
NODE_137	0.000111541	1.03647e-08	1.20036	10761.6
NODE_138	9.84859e-05	8.8585e-09	1.09494	11117.7
NODE_139	0.00023336	1.15524e-08	4.71393	20200.2
NODE_140	0.000255453	1.20462e-08	5.41718	21206.2
NODE_141	6.22557e-05	3.70437e-09	1.04627	16806
NODE_142	0.000174638	8.3666e-09	3.64525	20873.2
NODE_143	0.000312211	1.36021e-08	7.16625	22953.2
NODE_144	0.000303966	2.15758e-08	4.28235	14088.3
NODE_145	0.000264202	1.26307e-08	5.52645	20917.5
NODE_146	7.00306e-05	3.87134e-09	1.26682	18089.5
NODE_147	9.63223e-05	5.44296e-09	1.70459	17696.7
NODE_148	0.000227393	1.13019e-08	4.57512	20119.8
NODE_149	4.95804e-05	2.13877e-09	1.14936	23181.7
NODE_150	0.000138998	6.23489e-09	3.09878	22293.6
NODE_151	0.000195196	8.48503e-09	4.49045	23004.8
NODE_152	0.000155342	7.97808e-09	3.0247	19471.2
NODE_153	0.000212222	1.08727e-08	4.14231	19518.8
NODE_154	0.00012502	5.53183e-09	2.82549	22600.2
NODE_155	8.59715e-05	3.76084e-09	1.96528	22859.6
NODE_156	0.000114172	5.15084e-09	2.53071	22165.7
NODE_157	6.0284e-05	2.63498e-09	1.3792	22878.4
NODE_158	0.000122952	5.26998e-09	2.86857	23330.7
NODE_159	7.84221e-05	3.38761e-09	1.81545	23149.7
NODE_160	8.28762e-05	3.54972e-09	1.93493	23347.2
NODE_161	0.000122895	5.26757e-09	2.86718	23330.4
NODE_162	8.28741e-05	3.54963e-09	1.93488	23347.3
NODE_163	5.81601e-05	3.3666e-09	1.00475	17275.6
NODE_164	0.0001217	5.21878e-09	2.83801	23319.7
NODE_165	0.000110331	5.67551e-09	2.14482	19439.8
NODE_166	5.94884e-05	3.48509e-09	1.01543	17069.4
NODE_167	0.000105371	5.55148e-09	2.00003	18980.8
NODE_168	0.00014988	7.72641e-09	2.90742	19398.4
NODE_169	5.90554e-05	2.71253e-09	1.28572	21771.4
NODE_170	6.14202e-05	3.6479e-09	1.03414	16837.1
NODE_171	0.000148993	6.40011e-09	3.46852	23279.8
NODE_173	7.14457e-05	4.1308e-09	1.23571	17295.9
NODE_174	0.000137965	5.95414e-09	3.19681	23171.2
NODE_175	6.14997e-05	2.95371e-09	1.2805	20821.2
NODE_176	0.000118678	5.09357e-09	2.76515	23299.6
NODE_177	5.23962e-05	2.64367e-09	1.03846	19819.5
NODE_178	0.000210968	9.37985e-09	4.74501	22491.6
NODE_179	0.000106378	4.73145e-09	2.39169	22483.1
NODE_180	0.00010898	5.13962e-09	2.31078	21203.8
NODE_181	0.000104865	4.56661e-09	2.40807	22963.5
NODE_183	0.000167176	7.28972e-09	3.83386	22933.1
NODE_184	0.000182849	8.03306e-09	4.16202	22762.1
NODE_185	6.04146e-05	2.68307e-09	1.36035	22516.9
NODE_186	0.000222419	1.06123e-08	4.6616	20958.6
NODE_187	0.000152838	6.67128e-09	3.50148	22909.8
NODE_188	0.000213783	9.9873e-09	4.57613	21405.5
NODE_189	0.000265934	1.1792e-08	5.99736	22552.1
NODE_190	0.000231816	1.06137e-08	5.06311	21841.1
NODE_191	9.51474e-05	4.21395e-09	2.14834	22579.1
NODE_192	0.000119065	5.26262e-09	2.69379	22624.6
NODE_193	0.000124557	5.40074e-09	2.87267	23063
NODE_194	0.000254565	1.19139e-08	5.43928	21367
NODE_195	0.000217736	9.39677e-09	5.04523	23171.3
NODE_196	0.000271055	1.2568e-08	5.8459	21567.2
NODE_197	4.41834e-05	1.91948e-09	1.01703	23018.4
NODE_198	0.000213382	9.2215e-09	4.93756	23139.6
NODE_199	0.000168975	7.37983e-09	3.869	22896.9
NODE_200	0.000195758	8.4195e-09	4.55147	23250.5
NODE_201	6.12318e-05	2.71512e-09	1.38091	22552.1
NODE_202	0.000134854	5.81589e-09	3.12689	23187.2
NODE_203	0.000229221	9.87837e-09	5.31891	23204.3
NODE_204	9.89044e-05	4.3983e-09	2.22406	22487
NODE_205	0.000242465	1.04189e-08	5.64258	23271.7
NODE_206	0.000184039	8.06753e-09	4.19835	22812.3
NODE_207	5.29839e-05	2.28816e-09	1.22688	23155.7
NODE_208	8.28631e-05	3.54918e-09	1.93461	23347.1
NODE_209	0.000164218	7.11978e-09	3.78767	23065
NODE_210	0.000106312	4.59254e-09	2.46098	23148.7
NODE_211	0.000105331	4.54935e-09	2.43871	23152.9
NODE_212	0.000139409	6.09572e-09	3.18829	22870
NODE_213	0.000122861	5.26619e-09	2.86635	23330.1
NODE_214	0.000147452	6.40074e-09	3.39681	23036.7
NODE_215	0.000162082	6.95494e-09	3.77725	23304.6
NODE_216	0.000151726	6.59592e-09	3.49013	23002.9
NODE_217	0.000122534	5.33081e-09	2.81655	22985.9
NODE_218	0.000162773	6.98259e-09	3.79445	23311.3
NODE_219	9.1671e-05	3.96025e-09	2.12198	23147.8
NODE_220	5.95518e-05	2.57384e-09	1.37787	23137.4
NODE_221	0.000122941	5.26955e-09	2.86827	23330.5
